ECL_336_96_prediction_MoLE_DLinear_custom_ftM_sl336_ll336_pl96_dm512_nh8_el2_dl1_df2048_fc0.05_ebtimeF_dtTrue_Exp_0  
mse:1.0387027263641357, mae:0.8374451994895935, rse:1.0130574703216553, corr:[-0.20258161  0.25216442 -0.1902837  -0.15511844  0.06628895  0.13607593
 -0.34473997 -0.1368631  -0.32234383 -0.20157102 -0.1097001  -0.0851149
 -0.28801385  0.17925316  0.27060685 -0.15433304  0.0898179  -0.16257568
  0.3420011   0.00298692  0.03544955 -0.3742839   0.08455902 -0.35378882
 -0.00157528  0.30704275 -0.3998958  -0.03628762  0.15146302 -0.22817048
 -0.3683777  -0.27502838  0.3475511  -0.09706549  0.12553145  0.3281794
 -0.18515523 -0.19164538 -0.3444078  -0.02587115  0.3199362  -0.04058
 -0.28512847  0.37102127 -0.3310622  -0.20258407  0.39369786 -0.3839338
  0.37648314  0.20699318  0.1669403   0.11562338 -0.18058132  0.24913578
  0.28122792  0.2108734  -0.29534298 -0.30583224  0.13065664  0.34160098
 -0.3143405  -0.23549567  0.15677029 -0.25392655 -0.27648374 -0.18954341
 -0.18544492 -0.344529   -0.13326417 -0.25896424 -0.03328468  0.34953132
  0.07862715 -0.3142297   0.20157789  0.38678825  0.24352854  0.43795493
 -0.05883188  0.13547373  0.09099925  0.02383026  0.09947596  0.31857523
 -0.21106067  0.20092498 -0.3100301   0.36227882  0.4231068   0.18396609
  0.13786124  0.07238137 -0.11235545 -0.15356274 -0.15403387  0.04391208]

ECL_336_96_prediction_MoLE_DLinear_custom_ftM_sl336_ll336_pl96_dm512_nh8_el2_dl1_df2048_fc0.05_ebtimeF_dtTrue_Exp_0  
mse:1.0387027263641357, mae:0.8374451994895935, rse:1.0130574703216553, corr:[-0.20258161  0.25216442 -0.1902837  -0.15511844  0.06628895  0.13607593
 -0.34473997 -0.1368631  -0.32234383 -0.20157102 -0.1097001  -0.0851149
 -0.28801385  0.17925316  0.27060685 -0.15433304  0.0898179  -0.16257568
  0.3420011   0.00298692  0.03544955 -0.3742839   0.08455902 -0.35378882
 -0.00157528  0.30704275 -0.3998958  -0.03628762  0.15146302 -0.22817048
 -0.3683777  -0.27502838  0.3475511  -0.09706549  0.12553145  0.3281794
 -0.18515523 -0.19164538 -0.3444078  -0.02587115  0.3199362  -0.04058
 -0.28512847  0.37102127 -0.3310622  -0.20258407  0.39369786 -0.3839338
  0.37648314  0.20699318  0.1669403   0.11562338 -0.18058132  0.24913578
  0.28122792  0.2108734  -0.29534298 -0.30583224  0.13065664  0.34160098
 -0.3143405  -0.23549567  0.15677029 -0.25392655 -0.27648374 -0.18954341
 -0.18544492 -0.344529   -0.13326417 -0.25896424 -0.03328468  0.34953132
  0.07862715 -0.3142297   0.20157789  0.38678825  0.24352854  0.43795493
 -0.05883188  0.13547373  0.09099925  0.02383026  0.09947596  0.31857523
 -0.21106067  0.20092498 -0.3100301   0.36227882  0.4231068   0.18396609
  0.13786124  0.07238137 -0.11235545 -0.15356274 -0.15403387  0.04391208]

ECL_MoLE_DLinear_one_epoch_MoLE_DLinear_custom_ftM_sl336_ll336_pl96_dm512_nh8_el2_dl1_df2048_fc1_ebtimeF_dtTrue_One_Epoch_Training_0_8_4_f_mask_0.0_0.0001_sd2021_hd0.0  
mse:0.14200052618980408, mae:0.24727119505405426, rse:0.3784523904323578, corr:[0.8425907  0.84332824 0.84235495 0.8432098  0.8434274  0.8439103
 0.8441441  0.8434869  0.8431324  0.8429091  0.84324265 0.8433538
 0.8419577  0.8430902  0.8424553  0.8433967  0.8427424  0.84334373
 0.84286314 0.843016   0.84294844 0.84399474 0.843208   0.84300756
 0.84306484 0.8442864  0.8435449  0.84239036 0.842622   0.8428477
 0.8432321  0.843345   0.8425202  0.84251875 0.842794   0.8421376
 0.84244436 0.8430089  0.84275216 0.8414884  0.84157264 0.8426378
 0.842233   0.842438   0.84254056 0.8434032  0.8428655  0.84281266
 0.84295624 0.8446179  0.84415656 0.84435314 0.84452087 0.8435401
 0.8440972  0.8439903  0.84300125 0.84230965 0.8418713  0.8413212
 0.84206414 0.8429883  0.84361494 0.84227973 0.84234166 0.8437177
 0.8436038  0.8428559  0.84316325 0.8422241  0.8434976  0.8438657
 0.8441779  0.84443533 0.8444071  0.84474045 0.8451313  0.84575
 0.8446413  0.84468466 0.84320515 0.8429835  0.8433448  0.84316075
 0.8427572  0.8439338  0.84283644 0.8435414  0.84342796 0.8433893
 0.84231085 0.84424406 0.8445654  0.8441384  0.84386516 0.8450165 ]

ECL_MoLE_DLinear_one_epoch_MoLE_DLinear_custom_ftM_sl336_ll336_pl96_dm512_nh8_el2_dl1_df2048_fc1_ebtimeF_dtTrue_One_Epoch_Training_0_8_4_f_mask_0.0_0.0001_sd2021_hd0.0  
mse:0.12602853775024414, mae:0.22761304676532745, rse:0.385596364736557, corr:[0.33325863 0.3336106  0.33325365 0.33334997 0.33382067 0.3339795
 0.33408934 0.3336258  0.3337596  0.33356208 0.33386195 0.3338335
 0.33292487 0.33312342 0.33341202 0.3334819  0.33331195 0.3337945
 0.333544   0.3335183  0.33323887 0.33365917 0.33315438 0.33306682
 0.33296385 0.3336644  0.33317646 0.33296314 0.33324105 0.33310854
 0.33323994 0.33316442 0.33294666 0.33295834 0.33329466 0.33275017
 0.33297512 0.3330405  0.33291367 0.33276057 0.33240867 0.33282843
 0.33287054 0.33266097 0.33275336 0.3326362  0.33255798 0.33241153
 0.33248976 0.33335254 0.33288252 0.3327796  0.33284432 0.33298758
 0.3331065  0.33274475 0.3323689  0.33233044 0.33223617 0.3318748
 0.3318625  0.33236083 0.33227423 0.33201775 0.3321821  0.33259135
 0.33271015 0.33234376 0.33224732 0.33151633 0.3317224  0.3319158
 0.3319295  0.33218136 0.33192962 0.33227226 0.33234352 0.33278096
 0.3323784  0.33261803 0.33207566 0.331973   0.33246747 0.3322994
 0.3316514  0.33234608 0.33205885 0.33232832 0.33231965 0.33194777
 0.33162504 0.33206972 0.3320958  0.3316367  0.3315341  0.33186415]

ECL_MoLE_DLinear_one_epoch_MoLE_DLinear_custom_ftM_sl336_ll336_pl96_dm512_nh8_el2_dl1_df2048_fc1_ebtimeF_dtTrue_One_Epoch_Training_0_8_4_f_mask_0.0_0.0001_sd2021_hd0.0  
mse:0.1459958255290985, mae:0.24969187378883362, rse:0.37980324029922485, corr:[0.46658543 0.46792132 0.4678448  0.46830058 0.46835357 0.46865967
 0.4689083  0.4682607  0.4682828  0.4679303  0.4682345  0.468172
 0.4673311  0.46760708 0.46776015 0.46798766 0.46770877 0.468219
 0.46772575 0.4677654  0.4676754  0.46819627 0.46795997 0.46783093
 0.4675819  0.4681763  0.4680081  0.46736515 0.46734294 0.46716997
 0.46718034 0.46725127 0.46679926 0.4669138  0.46697223 0.46647725
 0.46684143 0.46688905 0.46700403 0.46664014 0.46639818 0.4668248
 0.46661422 0.46665835 0.46684393 0.4670417  0.4668946  0.4670635
 0.4666721  0.4676206  0.46718088 0.46713108 0.46713278 0.4668936
 0.46692508 0.46690005 0.46626177 0.46576583 0.46557558 0.46531737
 0.46546882 0.4661161  0.46638498 0.46593478 0.46586636 0.46639842
 0.4665616  0.4661778  0.46598563 0.46561337 0.46619907 0.46636024
 0.46618065 0.466293   0.46625286 0.4664562  0.4662466  0.46662116
 0.46612045 0.46607935 0.46542686 0.46547854 0.46560794 0.46557865
 0.46519348 0.4658962  0.46543497 0.4657037  0.4657671  0.46574336
 0.4652629  0.4659014  0.46618727 0.46585342 0.46547556 0.4663375 ]

